"15157","560"
"15257","560"
"15357","560"
"15466","560"
"15573","560"
"15674","560"
"15774","560"
"15874","560"
"15974","560"
"16081","560"
"16181","560"
"16281","560"
"16382","560"
"16482","560"
"16582","560"
"16682","560"
"16783","560"
"16883","560"
"16983","560"
"17084","560"
"17184","560"
"17284","560"
"17384","560"
"17485","560"
"17585","560"
"17685","560"
"17785","560"
"17885","560"
"17986","560"
"18086","560"
"18186","560"
"18286","560"
"18387","560"
"18487","560"
"18587","560"
"18688","560"
"18788","560"
"18888","560"
"18988","560"
"19089","560"
"19189","560"
"19289","560"
"19389","560"
"19490","560"
"19590","560"
"19690","560"
"19790","560"
"19891","560"
"19991","560"
"20091","560"
"20192","560"
"20292","560"
"20392","560"
"20492","560"
"20593","560"
"20693","560"
"20793","560"
"20893","560"
"20994","560"
"21094","560"
"21194","560"
"21295","560"
"21395","560"
"21495","560"
"21595","560"
"21695","560"
"21796","560"
"21896","560"
"21996","560"
"22097","560"
"22197","560"
"22297","560"
"22397","560"
"22498","560"
"22598","560"
"22698","560"
"22798","560"
"22899","560"
"22999","560"
"23099","560"
"23199","560"
"23300","560"
"23400","560"
"23502","560"
"23603","560"
"23704","560"
"23805","560"
"23912","560"
"24012","560"
"24113","560"
"24213","560"
"24313","560"
"24413","560"
"24514","560"
"24614","560"
"24714","560"
"24815","560"
"24915","560"
"25015","560"
"25115","560"
"25216","560"
"25319","560"
"25420","560"
"25520","560"
"25621","560"
"25722","560"
"25822","560"
"25923","560"
"26023","560"
"26124","560"
"26225","560"
"26326","560"
"26426","560"
"26527","560"
"26627","560"
"26728","560"
"26829","560"
"26929","560"
"27030","560"
"27131","560"
"27232","560"
"27332","560"
"27433","560"
"27534","560"
"27635","560"
"27738","560"
"27839","560"
"27939","560"
"28048","560"
"28149","560"
"28249","560"
"28350","560"
"28451","560"
"28551","560"
"28652","560"
"28752","560"
"28853","560"
"28953","558"
"29055","558"
"29156","558"
"29256","558"
"29357","558"
"29458","558"
"29559","558"
"29662","558"
"29762","558"
"29862","558"
"29962","558"
"30063","558"
"30163","558"
"30264","558"
"30365","558"
"30465","558"
"30574","558"
"30675","558"
"30775","558"
"30876","558"
"30977","558"
"31077","558"
"31178","558"
"31279","558"
"31393","558"
"31506","558"
"31610","558"
"31711","558"
"31812","558"
"31912","558"
"32013","558"
"32114","558"
"32214","558"
"32315","558"
"32416","558"
"32516","558"
"32617","558"
"32718","558"
"32818","558"
"32919","558"
"33020","558"
"33120","558"
"33221","558"
"33322","558"
"33423","558"
"33523","558"
"33624","558"
"33725","558"
"33825","558"
"33926","558"
"34027","558"
"34127","558"
"34228","558"
"34329","558"
"34429","558"
"34530","558"
"34631","558"
"34732","558"
"34832","558"
"34933","558"
"35033","558"
"35134","558"
"35235","558"
"35336","558"
"35436","558"
"35537","558"
"35637","558"
"35738","558"
"35839","558"
"35939","558"
"36040","558"
"36141","558"
"36242","558"
"36342","558"
"36443","558"
"36544","558"
"36644","558"
"36745","558"
"36846","558"
"36957","558"
"37057","558"
"37157","558"
"37258","558"
"37359","558"
"37460","558"
"37560","558"
"37661","558"
"37762","558"
"37863","558"
"37974","558"
"38075","558"
"38176","558"
"38277","558"
"38377","558"
"38478","558"
"38579","558"
"38685","558"
"38785","558"
"38886","558"
"38988","558"
"39089","558"
"39190","558"
"39291","558"
"39391","558"
"39492","558"
"39593","558"
"39693","558"
"39804","558"
"39904","558"
"40005","558"
"40106","558"
"40207","558"
"40307","558"
"40408","558"
"40508","558"
"40609","558"
"40710","558"
"40811","558"
"40911","558"
"41012","558"
"41113","558"
"41213","558"
"41314","558"
"41415","558"
"41516","558"
"41616","558"
"41717","558"
"41818","558"
"41918","558"
"42019","558"
"42119","556"
"42220","556"
"42321","556"
"42421","556"
"42522","556"
"42623","556"
"42723","556"
"42824","556"
"42925","556"
"43025","556"
"43126","556"
"43227","556"
"43328","556"
"43428","556"
"43528","556"
"43630","556"
"43731","556"
"43831","556"
"43932","556"
"44033","556"
"44133","556"
"44234","556"
"44335","556"
"44435","556"
"44536","556"
"44637","556"
"44738","556"
"44839","556"
"44939","556"
"45042","556"
"45146","556"
"45246","556"
"45347","556"
"45447","556"
"45560","556"
"45663","556"
"45763","556"
"45863","556"
"45964","556"
"46064","556"
"46164","556"
"46264","556"
"46364","556"
"46465","556"
"46566","556"
"46667","556"
"46776","556"
"46878","556"
"46979","556"
"47080","556"
"47180","556"
"47281","556"
"47381","556"
"47482","556"
"47583","556"
"47691","556"
"47792","556"
"47893","556"
"47993","556"
"48094","556"
"48195","556"
"48295","556"
"48396","556"
"48502","556"
"48607","556"
"48708","556"
"48808","556"
"48911","556"
"49011","556"
"49120","556"
"49221","556"
"49321","556"
"49422","556"
"49523","556"
"49623","556"
"49724","556"
"49825","556"
"49925","556"
"50026","556"
"50127","556"
"50227","556"
"50328","556"
"50429","556"
"50529","556"
"50629","556"
"50731","556"
"50832","556"
"50932","556"
"51033","556"
"51134","556"
"51234","556"
"51335","556"
"51436","556"
"51536","556"
"51637","556"
"51738","556"
"51838","556"
"51939","556"
"52040","556"
"52140","556"
"52241","556"
"52342","556"
"52442","556"
"52543","556"
"52644","556"
"52745","556"
"52847","556"
"52958","556"
"53058","556"
"53167","556"
"53268","556"
"53368","556"
"53469","556"
"53582","556"
"53682","556"
"53795","556"
"53900","556"
"54001","556"
"54102","556"
"54202","556"
"54303","556"
"54404","556"
"54504","556"
"54605","556"
"54706","556"
"54806","556"
"54907","556"
"55008","556"
"55108","556"
"55209","556"
"55310","556"
"55410","556"
"55511","556"
"55611","556"
"55712","556"
"55813","556"
"55914","556"
"56014","556"
"56115","556"
"56216","556"
"56316","556"
"56417","556"
"56517","556"
"56618","556"
"56719","556"
"56819","556"
"56920","556"
"57021","556"
"57121","556"
"57222","556"
"57322","556"
"57423","556"
"57530","556"
"57634","556"
"57735","556"
"57835","556"
"57937","556"
"58037","556"
"58138","556"
"58239","556"
"58339","556"
"58440","556"
"58541","556"
"58641","556"
"58742","556"
"58842","556"
"58942","556"
"59042","556"
"59143","556"
"59243","556"
"59343","556"
"59443","556"
"59543","556"
"59644","556"
"59744","556"
"59844","556"
"59944","556"
